// Variables
Point(1)={0,0,0,0.5};
Point(2)={0.41336745441971,0.0272773931945553,0,0.5};
Point(3)={0.826734908839419,0.108365516598731,0,0.5};
Point(4)={1.24010236325913,0.241052497587022,0,0.5};
Point(5)={1.65346981767884,0.421718981207213,0,0.5};
Point(6)={2.06683727209855,0.645436856748518,0,0.5};
Point(7)={2.48020472651826,0.906103683755146,0,0.5};
Point(8)={2.89357218093797,1.19660915069406,0,0.5};
Point(9)={3.30693963535768,1.5090290257184,0,0.5};
Point(10)={3.72030708977739,1.83484130905534,0,0.5};
Point(11)={4.1336745441971,2.16515869094466,0,0.5};
Point(12)={4.54704199861681,2.4909709742816,0,0.5};
Point(13)={4.96040945303652,2.80339084930594,0,0.5};
Point(14)={5.37377690745623,3.09389631624485,0,0.5};
Point(15)={5.78714436187594,3.35456314325148,0,0.5};
Point(16)={6.20051181629564,3.57828101879279,0,0.5};
Point(17)={6.61387927071535,3.75894750241298,0,0.5};
Point(18)={7.02724672513506,3.89163448340127,0,0.5};
Point(19)={7.44061417955477,3.97272260680544,0,0.5};
Point(20)={7.85398163397448,4,0,0.5};
Point(21)={7.85398163397448,0,0,0.5};

// Lines, Splines, BSplines, Circles and Ellipses
Line(1)={1,2};
Line(2)={2,3};
Line(3)={3,4};
Line(4)={4,5};
Line(5)={5,6};
Line(6)={6,7};
Line(7)={7,8};
Line(8)={8,9};
Line(9)={9,10};
Line(10)={10,11};
Line(11)={11,12};
Line(12)={12,13};
Line(13)={13,14};
Line(14)={14,15};
Line(15)={15,16};
Line(16)={16,17};
Line(17)={17,18};
Line(18)={18,19};
Line(19)={19,20};
Line(20)={20,21};
Line(21)={21,1};

// Line Loops
Line Loop(1)={1 ,2 ,3 ,4 ,5 ,6 ,7 ,8 ,9 ,10 ,11 ,12 ,13 ,14 ,15 ,16 ,17 ,18 ,19 ,20 ,21};

// Surfaces
Plane Surface(1)={1};







